C = [
-4.610291 -5.161479 -4.811694
-3.807583 -4.348010 -4.133043
-3.606794 -4.055085 -3.818708
-3.394335 -3.755541 -3.468168
-3.127804 -3.567869 -3.313346
-2.899393 -3.388155 -3.167117
-2.804359 -3.299866 -3.111291
-2.710151 -3.223874 -3.024855
-2.619680 -3.119924 -2.931995
-2.553165 -3.006847 -2.827005
-2.492319 -2.890044 -2.733374
-2.444383 -2.794849 -2.634440
-2.395310 -2.706370 -2.537349
-2.352933 -2.622672 -2.435418
-2.303169 -2.546761 -2.348437
-2.261248 -2.471852 -2.269957
-2.213236 -2.416191 -2.210734
-2.174479 -2.377817 -2.172725
-2.122108 -2.340663 -2.142131
-2.060427 -2.300694 -2.101769
-1.991554 -2.256470 -2.071604
-1.934824 -2.209127 -2.035157
-1.888793 -2.174120 -2.001707
-1.854787 -2.138013 -1.966675
-1.817291 -2.105060 -1.935119
-1.776622 -2.067005 -1.899050
-1.737387 -2.024551 -1.856544
-1.699798 -1.983681 -1.820149
-1.669975 -1.950083 -1.780846
-1.639783 -1.912088 -1.742914
-1.604589 -1.867555 -1.710700
-1.569323 -1.833836 -1.684594
-1.538323 -1.799855 -1.649280
-1.513086 -1.767837 -1.623330
-1.487084 -1.731994 -1.598521
-1.466037 -1.707396 -1.568823
-1.439652 -1.671515 -1.541847
-1.423821 -1.639271 -1.508937
-1.405448 -1.616348 -1.481094
-1.379712 -1.594066 -1.452646
-1.364534 -1.571763 -1.430971
-1.348372 -1.552026 -1.401299
-1.332450 -1.524327 -1.376509
-1.321153 -1.494967 -1.354063
-1.294241 -1.466468 -1.322583
-1.276534 -1.448431 -1.303532
-1.259102 -1.423124 -1.278064
-1.236783 -1.402842 -1.257578
-1.221383 -1.382167 -1.234518
-1.205088 -1.346017 -1.218680
-1.187167 -1.323061 -1.193385
-1.173591 -1.312228 -1.193984
-1.159182 -1.286000 -1.170384
-1.143339 -1.271346 -1.151143
-1.121487 -1.253016 -1.135819
-1.108126 -1.224604 -1.121127
-1.092103 -1.199695 -1.097101
-1.076804 -1.180098 -1.081627
-1.053483 -1.159456 -1.067691
-1.036937 -1.133043 -1.061970
-1.011284 -1.120222 -1.047681
-0.990262 -1.106638 -1.029970
-0.959164 -1.099113 -1.026925
-0.946662 -1.097580 -1.010421
-0.940331 -1.096704 -0.996195
-0.921479 -1.078302 -0.984597
-0.908985 -1.064629 -0.974857
-0.899131 -1.048660 -0.960707
-0.892985 -1.033533 -0.941971
-0.895339 -1.013750 -0.928655
-0.880428 -0.991135 -0.900481
-0.878233 -0.973313 -0.890111
-0.857264 -0.953115 -0.875194
-0.847707 -0.932723 -0.852676
-0.852498 -0.914831 -0.837793
-0.841884 -0.896816 -0.821334
-0.827344 -0.875766 -0.803058
-0.807842 -0.859058 -0.784807
-0.791940 -0.837958 -0.768967
-0.772946 -0.818084 -0.761321
-0.750069 -0.799482 -0.740574
-0.728954 -0.777243 -0.722563
-0.712621 -0.758058 -0.714833
-0.685148 -0.738357 -0.693565
-0.670398 -0.720493 -0.682344
-0.654441 -0.701062 -0.666410
-0.636200 -0.681290 -0.648841
-0.610353 -0.663966 -0.634540
-0.594267 -0.644109 -0.623091
-0.578911 -0.626282 -0.605442
-0.558243 -0.603728 -0.588864
-0.538675 -0.588842 -0.573332
-0.524041 -0.570115 -0.554163
-0.502375 -0.556884 -0.528185
-0.483911 -0.545767 -0.514123
-0.473064 -0.523875 -0.502912
-0.461282 -0.507868 -0.486272
-0.449448 -0.488679 -0.471343
-0.438043 -0.468583 -0.448021
-0.423150 -0.446231 -0.429862
-0.408905 -0.429621 -0.417303
-0.395629 -0.412878 -0.401817
-0.383699 -0.393002 -0.383118
-0.363222 -0.373732 -0.357978
-0.352419 -0.358359 -0.336928
-0.340765 -0.343563 -0.323643
-0.323210 -0.325370 -0.309170
-0.311717 -0.306718 -0.291798
-0.288666 -0.287959 -0.275377
-0.275752 -0.275051 -0.253890
-0.256115 -0.257471 -0.240995
-0.242605 -0.245727 -0.220855
-0.233887 -0.228928 -0.208877
-0.211289 -0.211361 -0.186647
-0.199870 -0.195792 -0.171745
-0.181312 -0.179949 -0.158941
-0.168022 -0.168009 -0.141451
-0.152549 -0.154847 -0.130965
-0.142660 -0.141305 -0.116845
-0.124092 -0.125279 -0.105207
-0.110090 -0.113543 -0.087320
-0.099309 -0.095081 -0.076135
-0.078191 -0.082574 -0.067619
-0.068457 -0.069716 -0.054265
-0.052175 -0.054567 -0.045833
-0.043944 -0.042843 -0.035948
-0.027430 -0.028447 -0.023677
-0.018747 -0.018383 -0.010701
0.000000 0.000000 0.000000
0.010218 0.013676 0.012620
0.025886 0.027301 0.026803
0.032461 0.038143 0.034098
0.047451 0.051921 0.046358
0.060256 0.063650 0.060968
0.072807 0.077554 0.076334
0.085587 0.087902 0.087170
0.099294 0.100994 0.101332
0.110064 0.111550 0.113721
0.119735 0.120665 0.127885
0.130694 0.136174 0.137601
0.141315 0.150491 0.151399
0.155241 0.165429 0.167432
0.165203 0.179056 0.182289
0.174465 0.193880 0.201978
0.190350 0.209325 0.216415
0.200358 0.227242 0.230902
0.211355 0.242111 0.246909
0.226039 0.256127 0.261728
0.238971 0.269917 0.281472
0.246932 0.286187 0.294454
0.263679 0.299521 0.311851
0.278258 0.313400 0.325151
0.292310 0.326316 0.340546
0.311621 0.345111 0.350227
0.326511 0.358420 0.367243
0.341407 0.376084 0.381688
0.361152 0.387206 0.397988
0.378694 0.403070 0.408841
0.395525 0.418501 0.418761
0.410447 0.431400 0.440009
0.427087 0.448020 0.452309
0.444567 0.463753 0.467180
0.462354 0.479769 0.481550
0.474635 0.495022 0.496686
0.490469 0.506250 0.510155
0.502384 0.523021 0.525282
0.514188 0.539375 0.538215
0.526440 0.553444 0.554627
0.541291 0.571819 0.573164
0.555907 0.587617 0.586104
0.569934 0.606248 0.603570
0.584975 0.624749 0.615378
0.599213 0.643238 0.633160
0.619207 0.664658 0.654798
0.635363 0.685061 0.666382
0.652540 0.709032 0.676565
0.671244 0.732599 0.698751
0.694374 0.743210 0.712950
0.714267 0.750745 0.726810
0.733650 0.759468 0.740180
0.748165 0.765988 0.755470
0.762404 0.771501 0.772687
0.777753 0.785121 0.787751
0.784087 0.794801 0.801447
0.796783 0.808774 0.809778
0.813547 0.822821 0.833361
0.822996 0.837287 0.845326
0.839630 0.854121 0.862348
0.851289 0.869936 0.881407
0.863207 0.883648 0.896426
0.878198 0.898238 0.908378
0.896415 0.912005 0.924707
0.908260 0.928603 0.938987
0.922997 0.943508 0.959780
0.934096 0.961475 0.972768
0.950997 0.979481 0.991485
0.960665 0.997969 1.001663
0.977892 1.014880 1.017996
0.995037 1.035273 1.034409
1.016178 1.049742 1.049819
1.028106 1.070232 1.063739
1.050047 1.092191 1.078732
1.067777 1.112208 1.094405
1.091015 1.128510 1.104925
1.108756 1.141015 1.115077
1.122697 1.162376 1.129967
1.140058 1.173801 1.145874
1.152234 1.188599 1.162988
1.156025 1.199770 1.171452
1.176652 1.209480 1.188384
1.190053 1.221022 1.199878
1.203471 1.233692 1.213631
1.217987 1.243925 1.223416
1.239419 1.257410 1.236930
1.253298 1.277596 1.250841
1.269539 1.292343 1.269691
1.278509 1.308857 1.281812
1.302476 1.324957 1.289695
1.314596 1.338797 1.298976
1.331318 1.354355 1.302259
1.346511 1.372898 1.324803
1.361839 1.390380 1.343086
1.376039 1.407731 1.350655
1.402492 1.420447 1.359195
1.419099 1.437004 1.369841
1.423945 1.451185 1.378716
1.434707 1.466371 1.404419
1.447152 1.481573 1.418097
1.457189 1.497120 1.427105
1.479024 1.506878 1.445627
1.491738 1.523855 1.456329
1.509150 1.539820 1.467130
1.527688 1.554384 1.494899
1.540834 1.568094 1.508933
1.557461 1.579039 1.516251
1.574777 1.601135 1.538967
1.585799 1.615277 1.557932
1.602944 1.623043 1.574060
1.623075 1.640685 1.597123
1.644231 1.657485 1.606971
1.665298 1.676875 1.634087
1.680030 1.696555 1.659530
1.707406 1.724465 1.674417
1.717163 1.732724 1.712438
1.743446 1.759737 1.741997
1.761976 1.784871 1.735029
1.783265 1.800577 1.793037
1.814649 1.823596 1.781813
1.847375 1.861130 1.860679
1.888076 1.907174 1.853038
1.944419 1.965344 1.947571
2.042865 2.031333 2.061111
2.161041 2.133243 2.066085
2.221165 2.283690 2.283220
2.221165 2.283690 2.283220
2.221165 2.283690 2.283220
];
